.Random.seed <-
c(403L, 286L, -2004435419L, 401303845L, -846633742L, 559290862L, 
-2113919913L, -1331924320L, 1450992186L, 1274368896L, 1765635991L, 
717518591L, 815865284L, -585052821L, 461773457L, -1800323974L, 
1710247212L, 1078587368L, -1006379987L, 1368515745L, 486182573L, 
-1155531937L, 1702005651L, 971487588L, -373852625L, 382753509L, 
694576353L, -1243603808L, -794112031L, 1592281941L, -1073094369L, 
-1187858479L, -1684958115L, -871334158L, 1152764269L, -1288155514L, 
-697185362L, -1594225305L, 1610279225L, -1810799585L, 222064308L, 
-1670280292L, -843763169L, -864490910L, -960495202L, -759811435L, 
1144394201L, 119637386L, 790748939L, 109951521L, 199136642L, 
25429017L, 1825137740L, 540746731L, 1932819213L, 1817855742L, 
-346192850L, 1062649529L, 304824436L, -313138812L, -512550803L, 
1394165312L, 462080054L, 1533538002L, -215195401L, 346655834L, 
944379897L, -697348617L, -980163664L, -74147653L, 1169968638L, 
-1392880913L, 778839085L, -99214719L, -1606876488L, 1793618723L, 
-233065670L, 915683647L, -1042917319L, 186094111L, -1272692599L, 
-1990685148L, -139474877L, 212956879L, -342164723L, 253986349L, 
1243883420L, 1969949196L, 266376015L, 1261384368L, 1407946345L, 
-1836357240L, -1983045497L, 756021033L, -1762831489L, -744759885L, 
-1965264309L, 563465244L, 1418940086L, 2139417711L, -9459681L, 
19843556L, -1813177905L, 220363101L, 866299062L, 1732464058L, 
-1606209607L, 61698744L, 600109779L, 631570596L, 178778345L, 
1454652942L, 1233593171L, -1472510938L, 1445945367L, -1668819426L, 
-1074345788L, 1056212929L, 123139417L, 574087307L, 285995215L, 
-1544045809L, 913486128L, 1765583503L, 1175855462L, -1009005961L, 
-749112810L, -621947786L, -710059565L, 55221433L, -817922690L, 
1832128483L, -252067770L, -249077340L, -1218179117L, -756085399L, 
-1002115328L, -2116908705L, -1002264016L, 387045087L, -1037993279L, 
75440973L, 2015202043L, 99315014L, 1794809283L, -292237558L, 
-23192818L, 1713635852L, -1870758410L, -1295808078L, 808650658L, 
-1922671371L, -1137339151L, -1446598373L, 1823568074L, -1153316924L, 
-1119936115L, 1683949914L, 506495111L, -435358391L, 71468940L, 
1657887541L, -117084450L, 460252205L, 1611223615L, -707273049L, 
-1270940074L, 1094277162L, 1895336826L, -1945505959L, -2139342005L, 
338201268L, 1794416792L, 2141916916L, -699490401L, 2075089156L, 
109283100L, -1301017265L, -1952447286L, -1922856777L, 1815181617L, 
1102161512L, 581477132L, -901366004L, 1805260684L, -219420294L, 
195291405L, 1924695666L, -1527270293L, 441422773L, -139301363L, 
-216790653L, 1736366184L, 1539010643L, 539206742L, -2004519831L, 
-209082888L, 10146390L, -1662888353L, 656422303L, -367555164L, 
-2015926016L, 254341504L, -25376714L, 254271863L, -1096439243L, 
1585897257L, -312888747L, -1537319922L, 1193647265L, 580030359L, 
11150633L, 1070188151L, 1732535996L, -563732513L, -1758857268L, 
-1268230415L, 1124557651L, 1108435860L, -182445773L, 1256484484L, 
-1129187624L, -1196742210L, 290307588L, 1699728508L, 1110374306L, 
913130231L, -121846704L, -54021835L, 1949135755L, -1398776490L, 
1614684146L, 137479802L, -929732239L, -295950588L, 1686077296L, 
1409404652L, 1123250375L, -1986761015L, -796056928L, -1877004130L, 
-1545727584L, -1046825176L, 1413773325L, 1395380723L, 143335646L, 
-1813057909L, -2046912725L, 950269706L, 1454060510L, -620573958L, 
1085827514L, -784015605L, -307443104L, -736133004L, 479546712L, 
-1185240202L, -986067747L, -548946771L, -1436405509L, 28624704L, 
1997428925L, 172960551L, 148863986L, 892014329L, -1920550119L, 
-98113757L, 659461062L, -1627483426L, -1429740746L, 1600305911L, 
387526125L, 698283942L, -213873797L, -1401230193L, 394507344L, 
-106732715L, -9714151L, 1468266873L, -361032876L, -1619008997L, 
-542087255L, -1463665255L, 936351582L, -245102354L, -318704294L, 
-772578612L, -479392331L, -1575525147L, -1831447554L, 95016966L, 
-2035132927L, -2003386681L, 894299925L, -1307732209L, 1235130458L, 
-1096835043L, 1823119071L, -290194076L, -887763108L, 1491917026L, 
1843003079L, 1730365749L, -34199825L, 1653847369L, 1089622054L, 
660549328L, -761025234L, 1135576211L, -1062217864L, 640586025L, 
-1939789624L, -1699945082L, 248149803L, 218199919L, 1266938010L, 
138511508L, 931281122L, -549825901L, 250293469L, 532122140L, 
-2138088151L, -1725803770L, 725605802L, 315065841L, -1468102867L, 
-97131434L, -1380453982L, -441821430L, 261727636L, -331263034L, 
-1966334891L, -758847431L, -1941326842L, 2027462412L, 240899934L, 
-244654355L, 1321544225L, 1518577254L, -2073389946L, -1301033871L, 
1027847947L, -208768221L, 351654841L, 1161747919L, 1544232972L, 
-1331027912L, -19624679L, 160824744L, 450859954L, -2146263745L, 
-2000027832L, -1968440085L, -643437678L, 1699389783L, 347370419L, 
-1683172659L, -1124041442L, 103479861L, -330833064L, -1068151968L, 
1927543720L, 966825268L, 1210708129L, -443722897L, 565757956L, 
-1480889271L, 1794012299L, 1530812058L, -49703572L, -966466934L, 
1467488323L, -621369842L, -774373641L, -421887266L, -1171223274L, 
544145180L, 551401184L, -1723439779L, -1308951982L, 1466727367L, 
37518974L, 1517227476L, -1448316210L, 432370660L, -1994878218L, 
1438488590L, -1503007300L, -119057050L, 33357032L, -2025848993L, 
-1507678289L, 1621509119L, 1558655769L, 2104647961L, -2009073991L, 
526675010L, 2022704314L, 79492841L, 414849964L, -50088383L, 144856546L, 
850551613L, 533799604L, -1576223007L, 1623732065L, 241665581L, 
467170656L, -1119784298L, 1130088435L, 977958879L, 1868617670L, 
1129252318L, 638516210L, 769031531L, 1359693420L, 1855130064L, 
588937117L, -1994120138L, 614316885L, -463415411L, 1527809038L, 
1602139857L, -1978099561L, 1796315170L, 96573839L, -1098369194L, 
1036136348L, 1649357038L, -612084477L, -966425546L, 500960083L, 
-2127466152L, -1250465961L, -128442421L, -509119176L, -477593266L, 
1505079425L, 1832147050L, 78022880L, 1991884064L, -801665964L, 
-1247445412L, 1751112350L, 80220968L, -629447365L, 1898244875L, 
-920542146L, -2102048850L, 176033946L, 1981768251L, 1734867208L, 
-18514062L, 1656727309L, 907270895L, -160281108L, -1128051883L, 
925427775L, 1824592589L, -500071004L, -1029818988L, 1027807730L, 
-63545596L, 609235120L, 151610863L, -1965713437L, 1887312751L, 
1685532191L, 437707524L, -548294352L, -1260625799L, -1088286013L, 
834324403L, -1849046411L, -1854740969L, -344025417L, 1340729066L, 
-1213021321L, 739208684L, -1757829817L, -281919217L, 854090622L, 
-1349726451L, -1676825450L, -1639530941L, 1689657846L, 220998951L, 
-296536373L, 1644886952L, -27222560L, 207353611L, 359853738L, 
423055808L, -1095013348L, 195464700L, -496618840L, 1888854059L, 
-1700440854L, -1173580759L, -200465195L, -406163576L, 1468452209L, 
155606196L, -834419866L, -1394031489L, 436469712L, -1064977413L, 
759236335L, -890495204L, -1010627514L, -2088478219L, 1285975186L, 
1444059593L, 1938887319L, 249000726L, 1772105331L, 1371559466L, 
1417749678L, -775618670L, -1674255603L, 722872142L, -1219781001L, 
549635323L, -1358895577L, 921773002L, -666777410L, 798605074L, 
-1139028213L, -1237199846L, -810642934L, -933211936L, 1796250052L, 
-111164089L, -348594265L, 1399695227L, -1188677364L, -416745239L, 
-1578555166L, -695026801L, 494416657L, -767967001L, -1335076112L, 
1533675725L, 1627823662L, -1281934213L, -2026873532L, 675947615L, 
1030585716L, 416397879L, 1033513777L, -1289383419L, 1498562458L, 
457447133L, -766856447L, 391933701L, -502179662L, 570716620L, 
932406005L, 574521749L, -318780527L, -589384934L, 1567872948L, 
-1448995800L, 1904695110L, -163713971L, -330963954L, 1824754801L, 
1184297866L, -172583526L, -1610440807L, 1382170094L, 910619461L, 
-106863413L, 411524292L, 374098368L, -916195752L, 1816333784L, 
-1854701163L, 1131928877L, 1187820773L, -179733528L, -786911095L, 
-1149124607L, -1888674029L, 884141523L, 2003991347L, -1384972209L, 
489217213L, -449038307L, 521110309L, 37547849L, 1794556032L, 
-1560249560L, 504371460L, -336452548L, -1925297122L, 2049638783L, 
